Position,Name of Player,Team,Average Points,Total Game Points,Games Played,Won,Lost,Division,Win Percentage
1,Champion David,Hong Kong Football Club 5,25.12,402,16,15,1,5,0.9375
2,Seung Wai Ching,Fung King 1,24.43,513,21,18,3,5,0.8571428571428571
3,Khan Bilal,United Services Recreation Club 2,23.83,429,18,14,4,5,0.7777777777777778
4,Chan Martin Lok Yin,i-MASK Advance Squash Club 2,21.33,384,18,14,4,5,0.7777777777777778
5,Waldie Jason,Hong Kong Football Club 5,21.0,126,6,5,1,5,0.8333333333333334
6,Chan Terence Yiu Ki,i-MASK Advance Squash Club 2,20.5,369,18,11,7,5,0.6111111111111112
7,Ng Spencer Yu Hin,i-MASK Advance Squash Club 2,20.36,285,14,14,0,5,1.0
8,Rehman Khan Niaz,Perrier KCC 4,19.24,327,17,13,4,5,0.7647058823529411
9,Ng Elise Jia Yunn,Perrier KCC 4,19.2,96,5,3,2,5,0.6
10,Robinson David,Hong Kong Football Club 5,19.17,345,18,13,5,5,0.7222222222222222
11,Lo Sing Chi,Friend Club 2,18.75,300,16,7,9,5,0.4375
12,Sheppard Drew,Perrier KCC 4,18.6,93,5,3,2,5,0.6
13,Hemnani Shivam,United Services Recreation Club 2,18.35,312,17,13,4,5,0.7647058823529411
14,Lee Sum Yuet,Fung King 1,17.75,213,12,8,4,5,0.6666666666666666
15,Fung On Ying Adele,Fung King 1,17.14,360,21,12,9,5,0.5714285714285714
16,Yeung Lok Hang,Fung King 1,16.67,150,9,7,2,5,0.7777777777777778
17,Ragless Julian,United Services Recreation Club 2,16.5,297,18,10,8,5,0.5555555555555556
18,Ellis-Geiger Robert,Discovery Bay,16.5,198,12,2,10,5,0.16666666666666666
19,Chan Sai Lim,i-MASK Advance Squash Club 2,15.75,252,16,13,3,5,0.8125
20,Cheng Victor Kwok Wai,Perrier KCC 4,15.71,267,17,11,6,5,0.6470588235294118
21,Chan Billy Sheung Ying,United Services Recreation Club 2,15.6,78,5,5,0,5,1.0
22,Poon Ho Kar James,United Services Recreation Club 2,15.19,243,16,14,2,5,0.875
23,MacDougall Brian,Hong Kong Football Club 5,15.0,195,13,8,5,5,0.6153846153846154
24,Lui Ka Ho Vincent,Perrier KCC 4,15.0,240,16,4,12,5,0.25
25,Ho Yiu Wah Hendry,Perrier KCC 4,14.68,279,19,15,4,5,0.7894736842105263
26,Fivian Lukas,Discovery Bay,14.05,267,19,7,12,5,0.3684210526315789
27,Chan Chi Hang,Kinetic 1,13.91,153,11,1,10,5,0.09090909090909091
28,Mohammad Gull Ilyas,United Services Recreation Club 2,13.29,186,14,8,6,5,0.5714285714285714
29,Hace Mike,Discovery Bay,13.29,93,7,1,6,5,0.14285714285714285
30,Law Tom Kwok Keung,Fung King 1,13.26,252,19,13,6,5,0.6842105263157895
31,Ng Paul Lap Yan,Hong Kong Football Club 5,13.2,66,5,4,1,5,0.8
32,Ho Simon Man Kai,Hong Kong Football Club 5,13.12,105,8,6,2,5,0.75
33,Chan Hok Nam,Kinetic 1,13.06,222,17,2,15,5,0.11764705882352941
34,Dutt Aaryaman,Discovery Bay,12.5,75,6,3,3,5,0.5
35,Yip Aaron Man Hau,Perrier KCC 4,12.43,174,14,11,3,5,0.7857142857142857
36,Tung Wing Yan,Friend Club 2,11.77,153,13,3,10,5,0.23076923076923078
37,Wasyliw Bob,Hong Kong Football Club 5,11.67,105,9,5,4,5,0.5555555555555556
38,Reid Dallas,Hong Kong Football Club 5,11.62,186,16,7,9,5,0.4375
39,Hung Pui Chi Gigi,Friend Club 2,11.36,159,14,1,13,5,0.07142857142857142
40,Yu Vincent,Discovery Bay,10.0,60,6,3,3,5,0.5
41,* Wong Ryan Chun Hung,Kinetic 1,9.92,129,13,4,9,5,0.3076923076923077
42,Lo Hiu Shun,i-MASK Advance Squash Club 2,9.38,75,8,4,4,5,0.5
43,Mak Chi Chung,Friend Club 2,9.25,111,12,2,10,5,0.16666666666666666
44,Lo Jacky Chi Fung,i-MASK Advance Squash Club 2,9.0,117,13,7,6,5,0.5384615384615384
45,Rathour Sunil,Discovery Bay,8.62,69,8,1,7,5,0.125
46,Tong Brian Kwokon,Friend Club 2,8.0,48,6,1,5,5,0.16666666666666666
47,Hazari Ajay,Hong Kong Football Club 5,7.5,45,6,3,3,5,0.5
48,Corbin Steve,Discovery Bay,7.41,126,17,7,10,5,0.4117647058823529
49,Choi John Wing Yiu,Perrier KCC 4,7.2,36,5,2,3,5,0.4
50,Ma Andy  Man Cheung,Kinetic 1,6.27,69,11,1,10,5,0.09090909090909091
51,Choi Wilson Wai Sum,United Services Recreation Club 2,5.4,27,5,2,3,5,0.4
52,Leung Chung Yin,United Services Recreation Club 2,5.14,36,7,2,5,5,0.2857142857142857
53,Yau Leo Wing Hin,Kinetic 1,5.1,51,10,1,9,5,0.1
54,Lee Chun Kit,Kinetic 1,5.0,75,15,1,14,5,0.06666666666666667
55,Au Winnie Hing Ching,Friend Club 2,4.93,69,14,2,12,5,0.14285714285714285
56,Mak Tsz Ching,Friend Club 2,4.85,63,13,3,10,5,0.23076923076923078
57,Nip Nixon Chun Keung,Kinetic 1,4.2,21,5,0,5,5,0.0
57,Park Wanki Moses,Kinetic 1,4.2,21,5,0,5,5,0.0
59,Leung Ka Huen,Fung King 1,3.6,54,15,3,12,5,0.2
60,Thomsen Flemming,Discovery Bay,3.0,15,5,0,5,5,0.0
,Van Leempoel Marc,Discovery Bay,23.25,93,4,3,1,5,0.75
,Lee Ka Fai Peterson,i-MASK Advance Squash Club 2,18.0,18,1,1,0,5,1.0
,Au Jovi Chun Tat,Perrier KCC 4,15.0,60,4,4,0,5,1.0
,Li Ping Hei,i-MASK Advance Squash Club 2,15.0,60,4,3,1,5,0.75
,Tang Chun Keung Nick,United Services Recreation Club 2,15.0,45,3,2,1,5,0.6666666666666666
,Lau Hing Ki,Fung King 1,15.0,15,1,1,0,5,1.0
,Schlosser Gergo,Hong Kong Football Club 5,15.0,15,1,1,0,5,1.0
,Wong Hin Chor,United Services Recreation Club 2,15.0,15,1,1,0,5,1.0
,Fjelddahl Bjorn,Hong Kong Football Club 5,12.75,51,4,1,3,5,0.25
,Fan William Ying Wai,Hong Kong Football Club 5,12.0,36,3,2,1,5,0.6666666666666666
,Li Kai Wai,i-MASK Advance Squash Club 2,12.0,12,1,1,0,5,1.0
,Li Pinky Wing Shan,Perrier KCC 4,12.0,24,2,1,1,5,0.5
,Wong Ue Him,Fung King 1,10.5,21,2,1,1,5,0.5
,Wong Kim Man,i-MASK Advance Squash Club 2,9.0,27,3,2,1,5,0.6666666666666666
,Chiu Wai Lam,Fung King 1,7.5,15,2,1,1,5,0.5
,Lee Chin Hang,Friend Club 2,3.0,3,1,0,1,5,0.0
,Chow Ming Hei Quincy,United Services Recreation Club 2,3.0,3,1,0,1,5,0.0
,Yip Tsz Ho,i-MASK Advance Squash Club 2,3.0,3,1,0,1,5,0.0
,Cheng Pik Ching,Fung King 1,0.0,0,1,0,1,5,0.0
,Davies Courtney,Discovery Bay,0.0,0,4,0,4,5,0.0
,Gillespie Christopher,Discovery Bay,0.0,0,0,0,0,5,
