Position,Name of Player,Team,Average Points,Total Game Points,Games Played,Won,Lost,Division,Win Percentage
1,Bidal Jay,Gloma,24.46,318,13,12,1,M4,0.9230769230769231
2,Lin Chun Wah,Alpha CUHK MASTER,24.27,267,11,11,0,M4,1.0
3,Tsui Marcus Chi Hung,Alpha CUHK MASTER,24.0,168,7,6,1,M4,0.8571428571428571
4,Chan Alex Siu Kun,Perrier Serigo Tacchini KCC M4,22.07,309,14,11,3,M4,0.7857142857142857
5,Choy Yuk Kwong Donnie,Perrier Serigo Tacchini KCC M4,21.92,285,13,12,1,M4,0.9230769230769231
6,Chan Chi Ming,WAKO Senior,21.4,321,15,9,6,M4,0.6
7,Tong Chi On,Gloma,21.0,147,7,4,3,M4,0.5714285714285714
8,Swarbrick Andrew,Hong Kong Cricket Club Young Masters,19.75,237,12,10,2,M4,0.8333333333333334
9,So Anthony Fuk Chi,Gloma,19.71,138,7,4,3,M4,0.5714285714285714
10,Martin Timothy,Bolton,19.5,117,6,2,4,M4,0.3333333333333333
11,Chan Kei Tat,Gloma,19.12,153,8,8,0,M4,1.0
12,Wong William Wai Ming,Hong Kong Football Club M4,18.43,129,7,6,1,M4,0.8571428571428571
13,Fraser William,WAKO Senior,18.4,276,15,9,6,M4,0.6
14,Chang Sean Pey,Hong Kong Cricket Club Young Masters,18.38,147,8,7,1,M4,0.875
15,Ho Kwan Lun,Hong Kong Football Club M4,17.62,141,8,3,5,M4,0.375
16,Kundamal Dhiraj,Perrier Serigo Tacchini KCC M4,17.57,123,7,6,1,M4,0.8571428571428571
17,McAuslan Gary,Royal Hong Kong Yacht Club M4,17.1,171,10,4,6,M4,0.4
18,Liu Hing Wing,Alpha CUHK MASTER,16.8,168,10,9,1,M4,0.9
19,Yam Ken Luen Kai,Gloma,16.5,165,10,6,4,M4,0.6
20,Sutherland Donald,Hong Kong Cricket Club Young Masters,16.15,210,13,8,5,M4,0.6153846153846154
21,Coniam David,WAKO Senior,15.64,219,14,9,5,M4,0.6428571428571429
22,Fraser Peter,Perrier Serigo Tacchini KCC M4,15.5,93,6,4,2,M4,0.6666666666666666
23,Bernard Edwin,Hong Kong Cricket Club Young Masters,15.46,201,13,3,10,M4,0.23076923076923078
24,Lee Dominic Ho Chi,Alpha CUHK MASTER,15.25,183,12,8,4,M4,0.6666666666666666
25,Bergqvist Erik,Royal Hong Kong Yacht Club M4,15.0,105,7,2,5,M4,0.2857142857142857
26,Longuepee Francis,Royal Hong Kong Yacht Club M4,14.5,87,6,3,3,M4,0.5
27,Sin William Wai Lam,WAKO Senior,14.4,144,10,7,3,M4,0.7
28,Leung Ka Lau,Alpha CUHK MASTER,13.8,69,5,2,3,M4,0.4
29,Sullivan Andrew,Bolton,13.62,177,13,2,11,M4,0.15384615384615385
30,Bradbury Adrian,Hong Kong Cricket Club Young Masters,13.0,117,9,7,2,M4,0.7777777777777778
31,Tsang Wai Kit Paul,Perrier Serigo Tacchini KCC M4,12.86,90,7,6,1,M4,0.8571428571428571
32,Chow Mark Yu Cheuk,Perrier Serigo Tacchini KCC M4,12.5,75,6,3,3,M4,0.5
33,Tse Ray,Royal Hong Kong Yacht Club M4,12.5,75,6,2,4,M4,0.3333333333333333
34,Milner-Barry Philip,Hong Kong Club Blue,12.33,111,9,0,9,M4,0.0
35,Smith Robert,Hong Kong Cricket Club Young Masters,12.0,72,6,4,2,M4,0.6666666666666666
36,Wright Martin,Bolton,12.0,108,9,1,8,M4,0.1111111111111111
37,Luk Thomas Yun Tong,Alpha CUHK MASTER,11.67,105,9,6,3,M4,0.6666666666666666
38,Dunn Roger Turner,Royal Hong Kong Yacht Club M4,11.67,105,9,4,5,M4,0.4444444444444444
39,Levy Andrew,Royal Hong Kong Yacht Club M4,11.57,81,7,5,2,M4,0.7142857142857143
40,Buttifant Barry John,Hong Kong Club Blue,11.33,102,9,2,7,M4,0.2222222222222222
41,Fong Kong Raymond,Hong Kong Football Club M4,10.88,87,8,1,7,M4,0.125
42,Webb Trevor,WAKO Senior,10.71,150,14,10,4,M4,0.7142857142857143
43,Matharu Channi,Hong Kong Football Club M4,10.5,63,6,3,3,M4,0.5
44,Zimmermann Lorenz,Hong Kong Cricket Club Young Masters,10.2,102,10,6,4,M4,0.6
45,Lo Tin Yee Clement,Perrier Serigo Tacchini KCC M4,10.0,60,6,2,4,M4,0.3333333333333333
45,McLennan Justin,Hong Kong Club Blue,10.0,90,9,2,7,M4,0.2222222222222222
47,Pawlyn Ben,Bolton,9.9,99,10,2,8,M4,0.2
48,Kennel Yannick,Royal Hong Kong Yacht Club M4,9.86,69,7,1,6,M4,0.14285714285714285
49,Ng Simon Chi Ming,Hong Kong Football Club M4,9.75,78,8,0,8,M4,0.0
50,Garda Pedro,WAKO Senior,9.6,48,5,3,2,M4,0.6
51,Tsang Timmy Kwok Tim,Gloma,9.33,84,9,4,5,M4,0.4444444444444444
52,Sung Stephen,Hong Kong Football Club M4,9.0,45,5,3,2,M4,0.6
53,Healy Richard,Bolton,8.62,69,8,3,5,M4,0.375
54,Sung Iris,Hong Kong Football Club M4,8.1,81,10,2,8,M4,0.2
55,Lam Wai Ming,Hong Kong Football Club M4,7.2,36,5,2,3,M4,0.4
56,Vera Henry,Hong Kong Cricket Club Young Masters,7.0,42,6,3,3,M4,0.5
57,O'Connell Eamonn,Hong Kong Club Blue,6.86,48,7,1,6,M4,0.14285714285714285
58,Lee Tom Bo Yuen,Gloma,4.5,27,6,1,5,M4,0.16666666666666666
59,Drake William,Bolton,4.2,21,5,1,4,M4,0.2
60,Chau Phil,Hong Kong Football Club M4,4.2,21,5,0,5,M4,0.0
61,Cheung Peter Yuk Fun,Royal Hong Kong Yacht Club M4,3.75,30,8,2,6,M4,0.25
62,Debnam Nicholas James,Hong Kong Club Blue,3.6,36,10,1,9,M4,0.1
63,Williams Gareth,Hong Kong Club Blue,3.5,21,6,1,5,M4,0.16666666666666666
64,Hughes Trevor,Bolton,3.38,27,8,1,7,M4,0.125
65,Adcock Barry,Bolton,0.6,3,5,0,5,M4,0.0
65,Peirse Adrian,Royal Hong Kong Yacht Club M4,0.6,3,5,0,5,M4,0.0
,Wilby John,Bolton,23.0,69,3,3,0,M4,1.0
,Stewart Angus,Royal Hong Kong Yacht Club M4,21.0,21,1,1,0,M4,1.0
,Holman Sander,Royal Hong Kong Yacht Club M4,19.0,57,3,2,1,M4,0.6666666666666666
,Sutcliffe Rachel,Hong Kong Football Club M4,18.0,36,2,1,1,M4,0.5
,Wong Javy Ki Ling,Hong Kong Football Club M4,18.0,18,1,1,0,M4,1.0
,Ho Ricky Wai Ki,Alpha CUHK MASTER,18.0,18,1,1,0,M4,1.0
,Lam Francis Fu Yuen,Alpha CUHK MASTER,17.25,69,4,4,0,M4,1.0
,Duncombe Emma,Hong Kong Football Club M4,16.5,33,2,1,1,M4,0.5
,Tong Roden Man Lung,Gloma,16.5,33,2,1,1,M4,0.5
,Brien Peter Wilhelm Hubert,Hong Kong Club Blue,15.75,63,4,1,3,M4,0.25
,Tang Man Shing,Perrier Serigo Tacchini KCC M4,15.0,45,3,3,0,M4,1.0
,Wood Mike,Hong Kong Club Blue,15.0,60,4,2,2,M4,0.5
,Ku Ken,Gloma,15.0,30,2,2,0,M4,1.0
,Hira Ajay,Perrier Serigo Tacchini KCC M4,15.0,30,2,2,0,M4,1.0
,Ha Henry Kam Bo,Alpha CUHK MASTER,15.0,30,2,2,0,M4,1.0
,Tang Raymond Wai Ming,Perrier Serigo Tacchini KCC M4,15.0,15,1,1,0,M4,1.0
,Wong Terbin Tung,Perrier Serigo Tacchini KCC M4,15.0,15,1,1,0,M4,1.0
,Cherneski Elliott,Royal Hong Kong Yacht Club M4,15.0,15,1,0,1,M4,0.0
,Tsang Ricky Wai Kit,Alpha CUHK MASTER,13.5,54,4,3,1,M4,0.75
,Cheung Ken Wai Luen,Gloma,13.5,27,2,1,1,M4,0.5
,Cox Simon,Hong Kong Club Blue,13.5,27,2,0,2,M4,0.0
,Cheung Kee Wing,Gloma,12.75,51,4,3,1,M4,0.75
,Leader Roger,Hong Kong Club Blue,11.25,45,4,1,3,M4,0.25
,Glover Stephen,Bolton,10.5,42,4,1,3,M4,0.25
,Tang Gary Woon Cheung,WAKO Senior,9.75,39,4,3,1,M4,0.75
,Isler Joachim,Hong Kong Club Blue,9.0,27,3,1,2,M4,0.3333333333333333
,Bidlake James,Royal Hong Kong Yacht Club M4,9.0,9,1,0,1,M4,0.0
,Peaker Mark,Hong Kong Club Blue,8.0,24,3,0,3,M4,0.0
,Mak Derek Kam Yuen,WAKO Senior,7.0,21,3,1,2,M4,0.3333333333333333
,Yip Kent Chi Bun,Perrier Serigo Tacchini KCC M4,6.0,12,2,0,2,M4,0.0
,Sakhrani Sanjay Arjan,Hong Kong Club Blue,6.0,6,1,0,1,M4,0.0
,Iannazzo Angelo,Royal Hong Kong Yacht Club M4,5.0,15,3,0,3,M4,0.0
,Sharp William,Hong Kong Club Blue,5.0,15,3,0,3,M4,0.0
,Davies Simon,Hong Kong Cricket Club Young Masters,4.5,9,2,0,2,M4,0.0
,Burley Christopher,Bolton,4.5,9,2,0,2,M4,0.0
,Tam Benny Pit Shing,Alpha CUHK MASTER,3.0,3,1,0,1,M4,0.0
,Garland Keith Roy,Royal Hong Kong Yacht Club M4,3.0,6,2,0,2,M4,0.0
,Yuen Amos Wing Keung,Gloma,0.0,0,1,0,1,M4,0.0
,Cheng Chung Wing Raymond,Hong Kong Football Club M4,0.0,0,2,0,2,M4,0.0
,Wan Vincent Shui Tong,Perrier Serigo Tacchini KCC M4,0.0,0,1,0,1,M4,0.0
,Matharu Sati,Hong Kong Football Club M4,0.0,0,1,0,1,M4,0.0
,Thind Harry,Hong Kong Football Club M4,0.0,0,0,0,0,M4,
,Collins David,Hong Kong Club Blue,0.0,0,0,0,0,M4,
,Yu Chi Keung,Gloma,0.0,0,0,0,0,M4,
,Chiu Chi Shing,WAKO Senior,0.0,0,0,0,0,M4,
,Niehorster James,Bolton,0.0,0,0,0,0,M4,
,Koo William Chia Ling,WAKO Senior,0.0,0,0,0,0,M4,
,O'Neill Glenn,Hong Kong Cricket Club Young Masters,0.0,0,0,0,0,M4,
,Deayton Heather,WAKO Senior,0.0,0,0,0,0,M4,
,Peters Vivien,Hong Kong Cricket Club Young Masters,0.0,0,0,0,0,M4,
,Tam Stephen Wai Sing,Alpha CUHK MASTER,0.0,0,0,0,0,M4,
,Guest Claire,Hong Kong Cricket Club Young Masters,0.0,0,0,0,0,M4,
,Chiu Winston Dah Ming,Alpha CUHK MASTER,0.0,0,0,0,0,M4,
,Anderson Richard,Perrier Serigo Tacchini KCC M4,0.0,0,0,0,0,M4,
,Chow Richard Kam To,Perrier Serigo Tacchini KCC M4,0.0,0,0,0,0,M4,
