Position,Name of Player,Team,Average Points,Total Game Points,Games Played,Won,Lost,Division,Win Percentage
1,Heritage Jonathan Paul,Hong Kong Cricket Club Rockers,25.24,429,17,16,1,15,0.9411764705882353
2,Wu Kan Wah Kit,Sha Tin Squash Rackets Club 5,24.45,489,20,19,1,15,0.95
3,Wong Long Seng Anson,Physical Chess 4,23.12,393,17,15,2,15,0.8823529411764706
4,Tam Kwan Ho,Physical Chess 4,23.0,138,6,5,1,15,0.8333333333333334
5,Yau Simpson Shin Hang,Physical Chess 4,22.71,159,7,7,0,15,1.0
6,Tong Chi On,United Services Recreation Club 3,21.38,342,16,9,7,15,0.5625
7,Ma Charles Chun Fung,Tuen Mun Squash Club,21.2,318,15,9,6,15,0.6
8,Leung Kam Yau Hardy,South China Athletic Association,20.84,396,19,11,8,15,0.5789473684210527
9,Jones Robert F.,Hong Kong Football Club 15,20.68,393,19,16,3,15,0.8421052631578947
10,Ma Chun Wah,Tuen Mun Squash Club,20.67,186,9,6,3,15,0.6666666666666666
11,Bernard Edwin,Hong Kong Cricket Club Rockers,20.31,264,13,9,4,15,0.6923076923076923
12,Fu Ivan Fuk Cheong,7NT,20.18,444,22,16,6,15,0.7272727272727273
13,Leung Chi Wang Christopher,United Services Recreation Club 3,19.62,255,13,9,4,15,0.6923076923076923
14,Ngan Xyan,The Squash Club 2,19.38,252,13,7,6,15,0.5384615384615384
15,Chan Raymond Tsan Fai,7NT,19.05,381,20,17,3,15,0.85
16,Tai Dhubal Koon Ho,South China Athletic Association,18.75,300,16,13,3,15,0.8125
17,Yuen Kermit Ka Fai,United Services Recreation Club 3,18.47,351,19,13,6,15,0.6842105263157895
18,Tung Chun Keung Anson,Physical Chess 4,18.29,384,21,15,6,15,0.7142857142857143
19,Chan Kin Hung Kit,SKCSC,18.14,399,22,9,13,15,0.4090909090909091
20,Chan Gordon Yiu Cheong,Hong Kong Football Club 15,17.68,336,19,7,12,15,0.3684210526315789
21,Leung Michael Yan Por,SKCSC,17.55,351,20,11,9,15,0.55
22,Law Yu Sing Carter,TNG 2,17.5,210,12,4,8,15,0.3333333333333333
23,Hui Adrian Wai Hung,7NT,17.44,279,16,6,10,15,0.375
24,Porter Darrell Lee,Hong Kong Football Club 15,17.21,327,19,15,4,15,0.7894736842105263
25,Bradbury Adrian,Hong Kong Cricket Club Rockers,16.94,288,17,11,6,15,0.6470588235294118
26,Leung Yu On,The Squash Club 2,16.31,261,16,6,10,15,0.375
27,Liu Vincent Wing Sang,Invader Squash,16.05,321,20,4,16,15,0.2
28,Ho Fai,South China Athletic Association,16.0,144,9,4,5,15,0.4444444444444444
29,Lee Kwan Ho,Physical Chess 4,15.57,327,21,13,8,15,0.6190476190476191
30,Kirpalani Shaun,Hong Kong Football Club 15,15.5,186,12,10,2,15,0.8333333333333334
31,Chow Ming Hin,TNG 2,15.43,108,7,1,6,15,0.14285714285714285
32,Wong Kwok Hee,Tuen Mun Squash Club,15.4,231,15,9,6,15,0.6
33,Yam Ken Luen Kai,United Services Recreation Club 3,15.33,138,9,7,2,15,0.7777777777777778
34,Cheng Chi Kin Austin,Tuen Mun Squash Club,15.0,90,6,2,4,15,0.3333333333333333
35,Tang Terry Kin Ming,7NT,14.73,324,22,15,7,15,0.6818181818181818
36,Chu Lap Sun,United Services Recreation Club 3,14.67,264,18,11,7,15,0.6111111111111112
37,Sze Kin Fun,SKCSC,14.5,87,6,5,1,15,0.8333333333333334
38,Wong Tony Wing Tung,SKCSC,14.44,231,16,8,8,15,0.5
39,Cheung Peter Tat Kei,United Services Recreation Club 3,14.4,144,10,5,5,15,0.5
40,Tang Ching Yan,TNG 2,14.36,201,14,6,8,15,0.42857142857142855
41,Ho Si Nuo,Physical Chess 4,14.2,213,15,11,4,15,0.7333333333333333
42,Luk Hoi Fai,Sha Tin Squash Rackets Club 5,14.06,225,16,6,10,15,0.375
43,Griffiths John David,Hong Kong Cricket Club Rockers,13.88,222,16,9,7,15,0.5625
44,Koon Long Ying,TNG 2,13.67,123,9,5,4,15,0.5555555555555556
45,Cheung Chor Yu,TNG 2,13.64,150,11,3,8,15,0.2727272727272727
46,Ku Wai Hang William,United Services Recreation Club 3,13.5,81,6,6,0,15,1.0
47,Ko Yat Ming,Tuen Mun Squash Club,13.36,147,11,9,2,15,0.8181818181818182
48,Ku Wing Gi Vingi,Physical Chess 4,13.2,66,5,4,1,15,0.8
49,Cheung Yue Ang,The Squash Club 2,13.0,195,15,7,8,15,0.4666666666666667
50,Mirapuri Rajesh,United Services Recreation Club 3,12.63,240,19,13,6,15,0.6842105263157895
51,Chan Paul Chiu Hung,Tuen Mun Squash Club,12.6,126,10,7,3,15,0.7
51,Lai Herbert Chan Wah,SKCSC,12.6,126,10,7,3,15,0.7
53,Yip Simon Shing On,Tuen Mun Squash Club,12.38,99,8,5,3,15,0.625
54,Zimmermann Lorenz,Hong Kong Cricket Club Rockers,12.33,111,9,4,5,15,0.4444444444444444
55,Wong Him Yui,The Squash Club 2,12.32,234,19,5,14,15,0.2631578947368421
56,Chan Kwong Ching Darren,Physical Chess 4,12.17,219,18,14,4,15,0.7777777777777778
57,Koeman Arthur,Hong Kong Cricket Club Rockers,12.0,132,11,7,4,15,0.6363636363636364
58,Yip Nigel Wing Kei,7NT,12.0,108,9,5,4,15,0.5555555555555556
59,Chan Eric Sze Kin,South China Athletic Association,12.0,84,7,4,3,15,0.5714285714285714
60,Yeung Sam Ying Kit,Invader Squash,12.0,120,10,2,8,15,0.2
60,Lau Ho Wing,Tuen Mun Squash Club,12.0,84,7,2,5,15,0.2857142857142857
62,Tsoi Chi Chuen,Tuen Mun Squash Club,12.0,84,7,0,7,15,0.0
63,Tam Tsz Lung,TNG 2,11.8,177,15,5,10,15,0.3333333333333333
64,Chui King Yat,SKCSC,11.29,192,17,7,10,15,0.4117647058823529
65,Tsang Patrick Hing Suen,Tuen Mun Squash Club,11.18,123,11,7,4,15,0.6363636363636364
66,Leung Freddie Ping Wah,Invader Squash,11.1,222,20,11,9,15,0.55
67,Poon Kings Kin Sun,Invader Squash,10.88,174,16,3,13,15,0.1875
68,Daigneavlt Christian,United Services Recreation Club 3,10.85,141,13,9,4,15,0.6923076923076923
69,Wong Kelvin Ka Wing,Sha Tin Squash Rackets Club 5,10.8,108,10,0,10,15,0.0
70,Choi Ming Fung,Sha Tin Squash Rackets Club 5,10.67,192,18,4,14,15,0.2222222222222222
71,Cheung Brian Sheung Yan,Sha Tin Squash Rackets Club 5,10.38,135,13,6,7,15,0.46153846153846156
72,Mitchell Aiteina,Hong Kong Football Club 15,10.15,132,13,9,4,15,0.6923076923076923
73,Yung Kai Sing,7NT,10.12,162,16,8,8,15,0.5
74,Cheung Hei Kwai,TNG 2,10.09,111,11,7,4,15,0.6363636363636364
75,Li Yuen Man,TNG 2,9.86,138,14,8,6,15,0.5714285714285714
76,Ng Frank Wan Kit,The Squash Club 2,9.75,156,16,7,9,15,0.4375
77,Lam Arthur Chi Keung,South China Athletic Association,9.69,126,13,1,12,15,0.07692307692307693
78,Wong Tsz Shing,7NT,9.6,48,5,3,2,15,0.6
79,Healy Richard,Hong Kong Cricket Club Rockers,9.38,75,8,4,4,15,0.5
80,Chan Willie Wai Hung,Invader Squash,9.0,126,14,2,12,15,0.14285714285714285
81,Openshaw Michael,Hong Kong Cricket Club Rockers,9.0,45,5,1,4,15,0.2
82,Vera Henry,Hong Kong Cricket Club Rockers,8.62,69,8,4,4,15,0.5
83,Lui Danny Wai Kit,7NT,8.57,60,7,4,3,15,0.5714285714285714
84,Wong Simpson Yau Shan,Invader Squash,7.88,126,16,7,9,15,0.4375
85,Tang Chi Kin,South China Athletic Association,7.88,63,8,3,5,15,0.375
86,Chau Phil,Hong Kong Football Club 15,7.71,54,7,2,5,15,0.2857142857142857
87,Smith Robert,Hong Kong Cricket Club Rockers,7.5,60,8,2,6,15,0.25
88,Chu Chun Yin,Tuen Mun Squash Club,7.0,42,6,3,3,15,0.5
89,Lau John Wai Nang,South China Athletic Association,7.0,63,9,1,8,15,0.1111111111111111
89,Wong Wai Ling Helen,Sha Tin Squash Rackets Club 5,7.0,42,6,1,5,15,0.16666666666666666
91,Au Shing Wai,Invader Squash,6.5,78,12,3,9,15,0.25
92,Ling Siu Ki Brian,SKCSC,5.79,81,14,5,9,15,0.35714285714285715
93,Chiu Hau Yi,TNG 2,5.7,57,10,3,7,15,0.3
94,Mok Fuk Kam,South China Athletic Association,5.14,36,7,1,6,15,0.14285714285714285
95,Cheng Chuen,South China Athletic Association,4.5,36,8,0,8,15,0.0
96,Chan Alice Yin Ling,South China Athletic Association,4.2,42,10,2,8,15,0.2
97,Lai Ming Yau Martin,Sha Tin Squash Rackets Club 5,4.09,45,11,2,9,15,0.18181818181818182
98,Ho Yuen Wang Samson,The Squash Club 2,3.21,45,14,0,14,15,0.0
99,Cheng Chen Kaja,Hong Kong Football Club 15,2.5,15,6,0,6,15,0.0
99,Chung Chi Hung,Sha Tin Squash Rackets Club 5,2.5,15,6,0,6,15,0.0
101,Lau Sui Ho,Tuen Mun Squash Club,1.8,9,5,0,5,15,0.0
102,Tang Ping Lok Victor,The Squash Club 2,1.29,9,7,1,6,15,0.14285714285714285
103,Leung Patrick Pak Chiu,SKCSC,0.0,0,5,0,5,15,0.0
,Li Kin Lok,TNG 2,15.0,30,2,2,0,15,1.0
,Tsang Ching Yuen,Sha Tin Squash Rackets Club 5,15.0,15,1,1,0,15,1.0
,Leung C Yee,Physical Chess 4,15.0,30,2,1,1,15,0.5
,Ng Coleman Shung Ching,United Services Recreation Club 3,15.0,15,1,1,0,15,1.0
,Lai Gary Kin Yeung,Physical Chess 4,13.5,54,4,4,0,15,1.0
,Chan Pak Lun,Sha Tin Squash Rackets Club 5,12.0,36,3,2,1,15,0.6666666666666666
,Yung Kerri Ka Lam,Physical Chess 4,10.0,30,3,2,1,15,0.6666666666666666
,Etherington David,Hong Kong Football Club 15,9.75,39,4,1,3,15,0.25
,Yim William Ka Nang,7NT,9.0,27,3,1,2,15,0.3333333333333333
,Ng Simon Chi Ming,Hong Kong Football Club 15,8.25,33,4,1,3,15,0.25
,Putt Alasdair,Hong Kong Football Club 15,7.5,30,4,1,3,15,0.25
,Abel Jonathan,Hong Kong Football Club 15,6.0,12,2,0,2,15,0.0
,Chau Ka Chung,Sha Tin Squash Rackets Club 5,4.0,12,3,0,3,15,0.0
,Kwok Yau Yau,TNG 2,3.0,3,1,0,1,15,0.0
,Hughes Trevor,Hong Kong Cricket Club Rockers,3.0,3,1,0,1,15,0.0
,Lee Ken Kwai Wing,The Squash Club 2,1.0,3,3,0,3,15,0.0
,Cheung Hiu Yan,Sha Tin Squash Rackets Club 5,0.0,0,2,0,2,15,0.0
,Chan Ho Ching,Physical Chess 4,0.0,0,1,0,1,15,0.0
,Tilbrook Nicolas,United Services Recreation Club 3,0.0,0,1,0,1,15,0.0
,O'Neill Glenn,Hong Kong Cricket Club Rockers,0.0,0,2,0,2,15,0.0
,Cheung Thomas,Hong Kong Football Club 15,0.0,0,1,0,1,15,0.0
,To Peter,South China Athletic Association,0.0,0,0,0,0,15,
,Miu Peter Wah Ching,United Services Recreation Club 3,0.0,0,0,0,0,15,
