Position,Name of Player,Team,Average Points,Total Game Points,Games Played,Won,Lost,Division,Win Percentage
1,Tse Ka Chun,X-Alpha 4,26.7,267,10,10,0,17A,1.0
2,Leung Ka Hei,i-Mask Advance Squash Club 8,24.69,321,13,12,1,17A,0.9230769230769231
3,Shapiro William Dat,Vitality Squash 2,22.15,288,13,10,3,17A,0.7692307692307693
4,Yang Sihan,Fusion Squash Club 2,21.67,195,9,7,2,17A,0.7777777777777778
5,Luo Wan Hei,Fusion Squash Club 2,21.0,210,10,7,3,17A,0.7
6,Yang Ho Yin,Happy Squash 3,21.0,189,9,6,3,17A,0.6666666666666666
7,Leung Ngo San,Fusion Squash Club 2,20.5,123,6,6,0,17A,1.0
8,Mei Tian Xiao,Vitality Squash 2,20.4,204,10,7,3,17A,0.7
9,Chan Yan Chau,Smart Squash 2,20.14,282,14,7,7,17A,0.5
10,Mo Shing Tsang,X-Alpha 4,19.91,219,11,10,1,17A,0.9090909090909091
11,Mao Junhong,Fusion Squash Club 2,19.5,156,8,6,2,17A,0.75
12,Ho Ho Lai,X-Alpha 4,19.09,210,11,10,1,17A,0.9090909090909091
13,Kollar Thomas,Vitality Squash 2,19.0,171,9,7,2,17A,0.7777777777777778
14,Yau Lucas Haoxiang,i-Mask Advance Squash Club 8,19.0,114,6,4,2,17A,0.6666666666666666
15,Tin Chung Hei,X-Alpha 4,18.6,186,10,10,0,17A,1.0
16,Lau Hiu Wing,X-Alpha 4,18.55,204,11,10,1,17A,0.9090909090909091
17,Lee Hok Chung,Smart Squash 2,18.55,204,11,7,4,17A,0.6363636363636364
18,Li Kin Lok,Happy Squash 3,18.5,111,6,2,4,17A,0.3333333333333333
19,Chan Sze Long,X-Alpha 4,18.33,165,9,9,0,17A,1.0
20,Wong Adrian Preston,X-Alpha 4,18.33,165,9,8,1,17A,0.8888888888888888
21,Chiu Dustin,Fusion Squash Club 2,18.0,144,8,7,1,17A,0.875
22,Ho Chin Pok,X-Alpha 4,17.67,159,9,7,2,17A,0.7777777777777778
23,Li Wen Ying,i-Mask Advance Squash Club 7,17.14,120,7,2,5,17A,0.2857142857142857
24,Wong Wang Ching,Friend Club 6,16.2,162,10,4,6,17A,0.4
25,Tse Tin Yui,Smart Squash 2,16.12,129,8,5,3,17A,0.625
26,Chan One,Smart Squash 2,15.6,78,5,4,1,17A,0.8
27,Hung Wai Chun,i-Mask Advance Squash Club 8,15.6,78,5,3,2,17A,0.6
28,Leung Shun Hei,Happy Squash 3,15.43,216,14,5,9,17A,0.35714285714285715
29,Cheung Hiu Man,Fusion Squash Club 2,15.25,183,12,10,2,17A,0.8333333333333334
30,Li Ying Huen,i-Mask Advance Squash Club 7,15.0,120,8,4,4,17A,0.5
31,Cheung Ying Yat,Fusion Squash Club 2,15.0,90,6,2,4,17A,0.3333333333333333
31,Lam Yan Yu Hayley,i-Mask Advance Squash Club 7,15.0,75,5,2,3,17A,0.4
33,Cheung Yee Ki,Happy Squash 3,14.08,183,13,6,7,17A,0.46153846153846156
34,Lui Pakying Jaclyn,Vitality Squash 2,14.0,84,6,3,3,17A,0.5
35,Man Yu Hin,Smart Squash 2,13.71,96,7,3,4,17A,0.42857142857142855
36,Lee Yin Fung,Friend Club 6,13.29,93,7,1,6,17A,0.14285714285714285
37,Tam Ming Wai,Friend Club 6,13.2,66,5,4,1,17A,0.8
38,Cheng Adam Ho Ching,Fusion Squash Club 2,13.09,144,11,9,2,17A,0.8181818181818182
39,Chen Mickey Youlin,Vitality Squash 2,12.9,129,10,5,5,17A,0.5
40,Lau Cheuk Yan,Happy Squash 3,12.43,87,7,6,1,17A,0.8571428571428571
41,Hung Wai Tung,i-Mask Advance Squash Club 8,12.0,72,6,4,2,17A,0.6666666666666666
42,Tsoi Cheuk Hin Kieran,i-Mask Advance Squash Club 8,11.77,153,13,3,10,17A,0.23076923076923078
43,Lau Sze Tung,Happy Squash 3,11.44,183,16,10,6,17A,0.625
44,Au Pak Yin,i-Mask Advance Squash Club 8,11.14,78,7,5,2,17A,0.7142857142857143
45,Kwong Wai Ching,Happy Squash 3,10.71,150,14,5,9,17A,0.35714285714285715
46,Wong Tze Tang,i-Mask Advance Squash Club 8,9.27,102,11,4,7,17A,0.36363636363636365
47,Cheung Hoi Ying,Smart Squash 2,8.7,87,10,4,6,17A,0.4
48,Xie Yu Hin,i-Mask Advance Squash Club 7,8.4,42,5,1,4,17A,0.2
49,Lam Tsz Yan,Friend Club 6,8.14,57,7,3,4,17A,0.42857142857142855
50,Luk Argen,Vitality Squash 2,7.91,87,11,5,6,17A,0.45454545454545453
51,Tse Tin Yiu,Smart Squash 2,7.5,60,8,4,4,17A,0.5
52,Sun Jacob Jia-Wei,Vitality Squash 2,7.5,45,6,1,5,17A,0.16666666666666666
53,Rui Wen Huang,i-Mask Advance Squash Club 7,7.2,36,5,1,4,17A,0.2
54,Chan Ming Hei,Smart Squash 2,7.12,57,8,2,6,17A,0.25
55,Chung Lincoln Sing Fun,i-Mask Advance Squash Club 8,6.5,39,6,2,4,17A,0.3333333333333333
56,Wong Wun Yin,i-Mask Advance Squash Club 7,5.57,39,7,1,6,17A,0.14285714285714285
57,Choi Pui Ho,Friend Club 6,5.5,33,6,0,6,17A,0.0
58,Chen Marshall Youpeng,Vitality Squash 2,4.71,33,7,1,6,17A,0.14285714285714285
59,Kwok Ho Ching,Friend Club 6,0.6,3,5,0,5,17A,0.0
,Lam Lucas,Fusion Squash Club 2,27.0,27,1,1,0,17A,1.0
,Chan Yik Hei,Vitality Squash 2,19.5,78,4,4,0,17A,1.0
,Lai Wing Sze,i-Mask Advance Squash Club 7,18.0,18,1,0,1,17A,0.0
,Chan Sum Kei,Happy Squash 3,15.0,15,1,1,0,17A,1.0
,Bei Chi Ting,Vitality Squash 2,15.0,15,1,1,0,17A,1.0
,Tang Ching On,Fusion Squash Club 2,13.0,39,3,3,0,17A,1.0
,Lam Cheuk Hei,Friend Club 6,12.75,51,4,2,2,17A,0.5
,Lam Cheuk Yin,Friend Club 6,12.75,51,4,1,3,17A,0.25
,Wong Ching Ting,Friend Club 6,12.0,36,3,1,2,17A,0.3333333333333333
,Lin Lee Ping,i-Mask Advance Squash Club 7,10.5,21,2,1,1,17A,0.5
,Lo Chun Hin Alston,Friend Club 6,9.75,39,4,1,3,17A,0.25
,Hui Cheuk Him Brody,Friend Club 6,9.0,36,4,0,4,17A,0.0
,Kwan Hoi Ching,Friend Club 6,8.0,24,3,0,3,17A,0.0
,Wong Tsz Long,i-Mask Advance Squash Club 7,6.0,12,2,0,2,17A,0.0
,Ho Lok Hang,Happy Squash 3,0.0,0,0,0,0,17A,
,Chen Yat Kuen,i-Mask Advance Squash Club 7,0.0,0,0,0,0,17A,
