Position,Name of Player,Team,Average Points,Total Game Points,Games Played,Won,Lost,Division,Win Percentage
1,Tse Ka Chun,X-Alpha 4,26.7,267,10,10,0,17A,1.0
2,Leung Ka Hei,i-Mask Advance Squash Club 8,24.69,321,13,12,1,17A,0.9230769230769231
3,Shapiro William Dat,Vitality Squash 2,22.15,288,13,10,3,17A,0.7692307692307693
4,Yang Sihan,Fusion Squash Club 2,21.67,195,9,7,2,17A,0.7777777777777778
5,Luo Wan Hei,Fusion Squash Club 2,21.55,237,11,8,3,17A,0.7272727272727273
6,Mei Tian Xiao,Vitality Squash 2,21.0,231,11,8,3,17A,0.7272727272727273
7,Yang Ho Yin,Happy Squash 3,21.0,189,9,6,3,17A,0.6666666666666666
8,Leung Ngo San,Fusion Squash Club 2,20.57,144,7,7,0,17A,1.0
9,Mo Shing Tsang,X-Alpha 4,20.25,243,12,11,1,17A,0.9166666666666666
10,Mao Junhong,Fusion Squash Club 2,20.0,180,9,7,2,17A,0.7777777777777778
11,Chan Yan Chau,Smart Squash 2,19.6,294,15,7,8,17A,0.4666666666666667
12,Lau Hiu Wing,X-Alpha 4,19.25,231,12,11,1,17A,0.9166666666666666
13,Ho Ho Lai,X-Alpha 4,19.09,210,11,10,1,17A,0.9090909090909091
14,Kollar Thomas,Vitality Squash 2,19.0,171,9,7,2,17A,0.7777777777777778
15,Chan Sze Long,X-Alpha 4,18.6,186,10,10,0,17A,1.0
16,Wong Adrian Preston,X-Alpha 4,18.3,183,10,9,1,17A,0.9
17,Tin Chung Hei,X-Alpha 4,18.27,201,11,11,0,17A,1.0
18,Chiu Dustin,Fusion Squash Club 2,18.0,144,8,7,1,17A,0.875
19,Yau Lucas Haoxiang,i-Mask Advance Squash Club 8,18.0,126,7,4,3,17A,0.5714285714285714
20,Li Wen Ying,i-Mask Advance Squash Club 7,18.0,144,8,3,5,17A,0.375
21,Lee Hok Chung,Smart Squash 2,17.75,213,12,7,5,17A,0.5833333333333334
22,Ho Chin Pok,X-Alpha 4,17.67,159,9,7,2,17A,0.7777777777777778
23,Li Kin Lok,Happy Squash 3,17.57,123,7,2,5,17A,0.2857142857142857
24,Wong Wang Ching,Friend Club 6,16.36,180,11,5,6,17A,0.45454545454545453
25,Chan One,Smart Squash 2,15.6,78,5,4,1,17A,0.8
26,Hung Wai Chun,i-Mask Advance Squash Club 8,15.6,78,5,3,2,17A,0.6
27,Cheung Hiu Man,Fusion Squash Club 2,15.46,201,13,11,2,17A,0.8461538461538461
28,Leung Shun Hei,Happy Squash 3,15.43,216,14,5,9,17A,0.35714285714285715
29,Li Ying Huen,i-Mask Advance Squash Club 7,15.0,135,9,4,5,17A,0.4444444444444444
30,Cheung Ying Yat,Fusion Squash Club 2,15.0,90,6,2,4,17A,0.3333333333333333
30,Lam Yan Yu Hayley,i-Mask Advance Squash Club 7,15.0,75,5,2,3,17A,0.4
32,Tse Tin Yui,Smart Squash 2,14.67,132,9,5,4,17A,0.5555555555555556
33,Cheung Yee Ki,Happy Squash 3,14.08,183,13,6,7,17A,0.46153846153846156
34,Lui Pakying Jaclyn,Vitality Squash 2,14.0,84,6,3,3,17A,0.5
35,Lee Yin Fung,Friend Club 6,13.5,108,8,1,7,17A,0.125
36,Cheng Adam Ho Ching,Fusion Squash Club 2,13.25,159,12,10,2,17A,0.8333333333333334
37,Tam Ming Wai,Friend Club 6,13.2,66,5,4,1,17A,0.8
38,Chen Mickey Youlin,Vitality Squash 2,12.9,129,10,5,5,17A,0.5
39,Man Yu Hin,Smart Squash 2,12.75,102,8,3,5,17A,0.375
40,Lau Cheuk Yan,Happy Squash 3,12.43,87,7,6,1,17A,0.8571428571428571
41,Lau Sze Tung,Happy Squash 3,12.18,207,17,11,6,17A,0.6470588235294118
42,Hung Wai Tung,i-Mask Advance Squash Club 8,12.0,72,6,4,2,17A,0.6666666666666666
43,Tsoi Cheuk Hin Kieran,i-Mask Advance Squash Club 8,11.57,162,14,3,11,17A,0.21428571428571427
44,Lo Chun Hin Alston,Friend Club 6,11.4,57,5,2,3,17A,0.4
45,Kwong Wai Ching,Happy Squash 3,10.71,150,14,5,9,17A,0.35714285714285715
46,Au Pak Yin,i-Mask Advance Squash Club 8,10.5,84,8,5,3,17A,0.625
47,Xie Yu Hin,i-Mask Advance Squash Club 7,10.0,60,6,2,4,17A,0.3333333333333333
48,Wong Tze Tang,i-Mask Advance Squash Club 8,9.27,102,11,4,7,17A,0.36363636363636365
49,Luk Argen,Vitality Squash 2,8.75,105,12,6,6,17A,0.5
50,Cheung Hoi Ying,Smart Squash 2,8.7,87,10,4,6,17A,0.4
51,Lam Tsz Yan,Friend Club 6,8.14,57,7,3,4,17A,0.42857142857142855
52,Sun Jacob Jia-Wei,Vitality Squash 2,7.5,45,6,1,5,17A,0.16666666666666666
52,Rui Wen Huang,i-Mask Advance Squash Club 7,7.5,45,6,1,5,17A,0.16666666666666666
54,Chan Ming Hei,Smart Squash 2,7.12,57,8,2,6,17A,0.25
55,Wong Wun Yin,i-Mask Advance Squash Club 7,6.75,54,8,2,6,17A,0.25
55,Chen Marshall Youpeng,Vitality Squash 2,6.75,54,8,2,6,17A,0.25
57,Tse Tin Yiu,Smart Squash 2,6.67,60,9,4,5,17A,0.4444444444444444
58,Chung Lincoln Sing Fun,i-Mask Advance Squash Club 8,6.5,39,6,2,4,17A,0.3333333333333333
59,Choi Pui Ho,Friend Club 6,5.5,33,6,0,6,17A,0.0
60,Kwok Ho Ching,Friend Club 6,0.6,3,5,0,5,17A,0.0
,Lam Lucas,Fusion Squash Club 2,27.0,27,1,1,0,17A,1.0
,Chan Yik Hei,Vitality Squash 2,19.5,78,4,4,0,17A,1.0
,Lai Wing Sze,i-Mask Advance Squash Club 7,18.0,18,1,0,1,17A,0.0
,Chan Sum Kei,Happy Squash 3,15.0,15,1,1,0,17A,1.0
,Tang Ching On,Fusion Squash Club 2,13.0,39,3,3,0,17A,1.0
,Lam Cheuk Hei,Friend Club 6,12.75,51,4,2,2,17A,0.5
,Lam Cheuk Yin,Friend Club 6,12.75,51,4,1,3,17A,0.25
,Wong Ching Ting,Friend Club 6,12.0,36,3,1,2,17A,0.3333333333333333
,Bei Chi Ting,Vitality Squash 2,12.0,24,2,1,1,17A,0.5
,Lin Lee Ping,i-Mask Advance Squash Club 7,10.5,21,2,1,1,17A,0.5
,Hui Cheuk Him Brody,Friend Club 6,9.0,36,4,0,4,17A,0.0
,Kwan Hoi Ching,Friend Club 6,8.0,24,3,0,3,17A,0.0
,Wong Tsz Long,i-Mask Advance Squash Club 7,6.0,12,2,0,2,17A,0.0
,Ho Lok Hang,Happy Squash 3,0.0,0,0,0,0,17A,
,Chen Yat Kuen,i-Mask Advance Squash Club 7,0.0,0,0,0,0,17A,
