Position,Name of Player,Team,Average Points,Total Game Points,Games Played,Won,Lost,Division,Win Percentage
1,Chow Pui Sing,Bravo,24.0,360,15,15,0,17B,1.0
2,* Chan Kwok Wa,Humphrey Squash,23.57,330,14,12,2,17B,0.8571428571428571
3,* Lo Yan Yiu,X-Alpha 5,22.8,228,10,9,1,17B,0.9
4,Hong Cheuk Yip Gary,Bravo,22.5,315,14,10,4,17B,0.7142857142857143
5,Mok Shing Hei,X-Alpha 5,21.25,255,12,8,4,17B,0.6666666666666666
6,Tam Yat Yin,Yuen Long District Sports Association Limited,20.62,165,8,5,3,17B,0.625
7,Leung Ka Luen Wilson,Squashathon 1,19.75,237,12,6,6,17B,0.5
8,Dong Ka Chung Jacky,North District Sports Association 2,19.33,174,9,8,1,17B,0.8888888888888888
9,Lee Hoi Yu,North District Sports Association 2,19.29,270,14,8,6,17B,0.5714285714285714
10,Chiu Sai Kwong,North District Sports Association 2,19.29,135,7,7,0,17B,1.0
11,Sin Hoi Tung,North District Sports Association 2,18.86,264,14,12,2,17B,0.8571428571428571
12,Lai Ming Wah,North District Sports Association 2,18.86,132,7,7,0,17B,1.0
13,Leung Hok Sum,Squashathon 1,18.69,243,13,7,6,17B,0.5384615384615384
14,Lee Hsuen Pin,Bravo,18.38,147,8,7,1,17B,0.875
15,Tang Kwok Man,Squashathon 1,17.57,123,7,7,0,17B,1.0
16,Loo Long Hui,Squashathon 1,17.5,105,6,4,2,17B,0.6666666666666666
17,Lee Yui Hin,North District Sports Association 2,17.0,153,9,9,0,17B,1.0
18,Ho Hok Leung,Squashathon 1,17.0,102,6,5,1,17B,0.8333333333333334
19,Lee Chun Ngai,X-Alpha 5,16.64,183,11,7,4,17B,0.6363636363636364
20,Dogra Vijendra Singh Balbirsing,North District Sports Association 2,16.5,132,8,8,0,17B,1.0
21,Chow Ka Lun,Squashathon 1,16.36,180,11,7,4,17B,0.6363636363636364
22,* Hui Tak Cheung,Humphrey Squash,16.36,180,11,3,8,17B,0.2727272727272727
22,Cao Yu,HK Squash Gear,16.36,180,11,3,8,17B,0.2727272727272727
24,Ku Desmond Yuk Yan,Humphrey Squash,16.0,144,9,5,4,17B,0.5555555555555556
25,Zhang Wei,HK Squash Gear,15.6,78,5,2,3,17B,0.4
26,Wong Ka Ho,Yuen Long District Sports Association Limited,15.0,165,11,3,8,17B,0.2727272727272727
27,Fung Ka Leung Wesley Nathan,North District Sports Association 2,15.0,105,7,1,6,17B,0.14285714285714285
28,Chung Wing Yin,Squashathon 1,14.67,132,9,6,3,17B,0.6666666666666666
29,Wong Chung Long,Humphrey Squash,14.62,117,8,5,3,17B,0.625
30,Huen Sze Chit,Yuen Long District Sports Association Limited,14.57,102,7,3,4,17B,0.42857142857142855
31,Pan Dan,HK Squash Gear,13.29,93,7,3,4,17B,0.42857142857142855
32,Wong Ting Ho,X-Alpha 5,12.92,168,13,9,4,17B,0.6923076923076923
33,Ma Tsz Wun,X-Alpha 5,12.5,150,12,6,6,17B,0.5
34,Tang Hung Tim,Bravo,12.33,111,9,4,5,17B,0.4444444444444444
35,Ma Chi Lok Joshua,Humphrey Squash,12.0,132,11,6,5,17B,0.5454545454545454
36,Chiu Yee Lai,North District Sports Association 2,11.67,105,9,7,2,17B,0.7777777777777778
37,Lee Yui Him Curtis,Squashathon 1,11.57,81,7,5,2,17B,0.7142857142857143
38,Lee Wai Chun,X-Alpha 5,11.33,102,9,6,3,17B,0.6666666666666666
39,Lau Hon Chu,Humphrey Squash,11.31,147,13,5,8,17B,0.38461538461538464
40,Chung Kwong Hei,Humphrey Squash,11.08,144,13,8,5,17B,0.6153846153846154
41,Tse Siu Ming,Bravo,10.8,54,5,2,3,17B,0.4
42,Kang Sen Yu,Bravo,9.75,78,8,2,6,17B,0.25
43,Lei Pui Wa,Yuen Long District Sports Association Limited,9.25,111,12,2,10,17B,0.16666666666666666
44,Leung Yuen Sum,Yuen Long District Sports Association Limited,7.71,54,7,0,7,17B,0.0
45,Mo Chun Hei,Yuen Long District Sports Association Limited,7.5,75,10,3,7,17B,0.3
46,Guo Wan Ling,Bravo,6.82,75,11,4,7,17B,0.36363636363636365
47,Wong Chi Kin,Squashathon 1,6.6,33,5,1,4,17B,0.2
48,Law Tsz Ham,Yuen Long District Sports Association Limited,6.5,39,6,0,6,17B,0.0
49,Ip Laam,X-Alpha 5,6.0,48,8,3,5,17B,0.375
50,Zhang Fei,Bravo,5.25,42,8,2,6,17B,0.25
51,Wong Ho Kit,Yuen Long District Sports Association Limited,3.86,27,7,0,7,17B,0.0
52,Leung Ka Yan,Yuen Long District Sports Association Limited,0.5,3,6,0,6,17B,0.0
,Leung Chi Man,North District Sports Association 2,21.0,21,1,1,0,17B,1.0
,Lam Wai Yue,Squashathon 1,18.0,36,2,2,0,17B,1.0
,Shiu Chung Hei,X-Alpha 5,17.0,51,3,2,1,17B,0.6666666666666666
,Cheung Ka Wing,Squashathon 1,16.5,66,4,4,0,17B,1.0
,Chan Ka Chun,Squashathon 1,16.5,33,2,2,0,17B,1.0
,Pan Ka Hei,X-Alpha 5,15.0,30,2,2,0,17B,1.0
,Chan Kwok Keung George,Yuen Long District Sports Association Limited,15.0,15,1,1,0,17B,1.0
,* Leung Chi Lok,X-Alpha 5,12.75,51,4,1,3,17B,0.25
,Hua Jing Jing,HK Squash Gear,12.0,12,1,0,1,17B,0.0
,Woo Cheuk Wai,Humphrey Squash,9.0,9,1,0,1,17B,0.0
,Qi Hong Yan,HK Squash Gear,9.0,9,1,0,1,17B,0.0
,Deng Lin,HK Squash Gear,7.5,15,2,0,2,17B,0.0
,Liu Ying,HK Squash Gear,6.0,6,1,0,1,17B,0.0
,Chen Manxin,Bravo,6.0,6,1,0,1,17B,0.0
,Wang Baoyi,Bravo,5.0,15,3,1,2,17B,0.3333333333333333
,Chan Chi Fung,Humphrey Squash,4.5,18,4,0,4,17B,0.0
,Xia Meng Xiao,HK Squash Gear,4.5,9,2,0,2,17B,0.0
,Law On Ki,Yuen Long District Sports Association Limited,4.0,12,3,0,3,17B,0.0
,Li Jun Xi,HK Squash Gear,3.0,3,1,0,1,17B,0.0
,Tan Xian Feng,HK Squash Gear,3.0,6,2,0,2,17B,0.0
,Shi Wei,HK Squash Gear,0.0,0,2,0,2,17B,0.0
,Wong Ka Yu,Yuen Long District Sports Association Limited,0.0,0,1,0,1,17B,0.0
,Xu Hao Shuang,HK Squash Gear,0.0,0,0,0,0,17B,
,Ng Chong Wing,Humphrey Squash,0.0,0,0,0,0,17B,
