Position,Name of Player,Team,Average Points,Total Game Points,Games Played,Won,Lost,Division,Win Percentage
1,Lam Yuen Sarm,Striving Squash,25.62,333,13,13,0,8A,1.0
2,Chan Gabriel Emmanuel,Sha Tin 3,22.5,135,6,4,2,8A,0.6666666666666666
3,Rach Duncan Ai,Ladies Recreation Club Div 8,21.55,237,11,10,1,8A,0.9090909090909091
4,Chau Po Yin,TOMCAT,21.38,171,8,6,2,8A,0.75
5,Cheung Ringo Hon Lam,Sha Tin 3,21.0,231,11,9,2,8A,0.8181818181818182
6,* Park Yongho Joshua,Ladies Recreation Club Div 8,20.7,207,10,7,3,8A,0.7
7,Cheng Chun Yin,Squashathon Zero,20.7,207,10,5,5,8A,0.5
8,Lee Darren Ching Him,Physical Chess 3,20.5,123,6,3,3,8A,0.5
9,Chu Wai Ho,Hong Kong Football Club 8,20.0,180,9,6,3,8A,0.6666666666666666
10,Ng Alan Chi Fung,Hong Kong Football Club 8,19.8,198,10,6,4,8A,0.6
11,Yiu Cheuk Hei,Sha Tin 3,19.71,138,7,6,1,8A,0.8571428571428571
12,Ramachandran Arjun,Hong Kong Football Club 8,19.25,231,12,11,1,8A,0.9166666666666666
13,Lip Tsz Ho,Striving Squash,19.15,249,13,8,5,8A,0.6153846153846154
14,Poon Hing Keung,TOMCAT,18.82,207,11,6,5,8A,0.5454545454545454
15,Au Wai Lun,i-Mask Advance Squash Club 2,17.18,189,11,9,2,8A,0.8181818181818182
16,Ho Michelle Pak Wai,Squashathon Zero,16.8,84,5,3,2,8A,0.6
17,Chan Hoi Hei,Sha Tin 3,16.67,150,9,8,1,8A,0.8888888888888888
18,Chan Ho Yu,i-Mask Advance Squash Club 2,16.5,198,12,3,9,8A,0.25
19,Cheuk Chi Tak,Sha Tin 3,16.33,147,9,9,0,8A,1.0
20,Chan Hei Ching Boris,i-Mask Advance Squash Club 2,15.92,207,13,5,8,8A,0.38461538461538464
21,Cho Nicholas Min-Suh,Ladies Recreation Club Div 8,15.9,159,10,7,3,8A,0.7
22,Lo Ching Yin,Kinetic 2,15.82,174,11,2,9,8A,0.18181818181818182
23,Cheung Wai Kwong,Sha Tin 3,15.5,93,6,6,0,8A,1.0
24,Mok Ivan Tsz Pui,Physical Chess 3,15.0,105,7,3,4,8A,0.42857142857142855
25,Ho Nelson Ching Lim,TOMCAT,15.0,75,5,1,4,8A,0.2
26,Ng Terry Ka Ming,Squashathon Zero,14.7,147,10,4,6,8A,0.4
27,Chan Tsz Chung,Physical Chess 3,14.4,72,5,3,2,8A,0.6
28,Kirpalani Shaun,Hong Kong Football Club 8,14.31,186,13,9,4,8A,0.6923076923076923
29,Chan Yin Fung,Sha Tin 3,14.0,84,6,3,3,8A,0.5
30,Chow Siu Yin Wilson,Squashathon Zero,13.71,96,7,4,3,8A,0.5714285714285714
31,Tung Liam Chase Zhao Wen,Hong Kong Football Club 8,13.5,81,6,5,1,8A,0.8333333333333334
32,Chan Ching Long,Kinetic 2,13.5,108,8,3,5,8A,0.375
33,Kirpalani Arun,Hong Kong Football Club 8,13.29,93,7,6,1,8A,0.8571428571428571
34,Shu Bong Tai,Physical Chess 3,13.2,66,5,1,4,8A,0.2
35,Shea Chi Hang,Kinetic 2,13.0,78,6,2,4,8A,0.3333333333333333
36,Ko Vincent Tak Kwan,TOMCAT,12.75,102,8,4,4,8A,0.5
37,Ng Matthew Ka Wai,Physical Chess 3,12.75,102,8,1,7,8A,0.125
38,Leung Sek Ho Kelvin,Physical Chess 3,12.38,99,8,4,4,8A,0.5
39,Chan Muk Kan,Squashathon Zero,12.0,108,9,7,2,8A,0.7777777777777778
40,Man Kin Cheong,Striving Squash,11.75,141,12,6,6,8A,0.5
41,Lee Hei Yu,Striving Squash,11.67,105,9,6,3,8A,0.6666666666666666
42,Law Tsz Long,Kinetic 2,11.67,105,9,3,6,8A,0.3333333333333333
43,Ling Yau Hang,Kinetic 2,11.0,99,9,2,7,8A,0.2222222222222222
44,Michael Ben Lin,Ladies Recreation Club Div 8,10.33,93,9,4,5,8A,0.4444444444444444
45,Tang Ping Wai William,TOMCAT,10.12,81,8,2,6,8A,0.25
46,Cheng Tsz Hei,Striving Squash,9.38,75,8,2,6,8A,0.25
47,Mo Li Hung Calvin,i-Mask Advance Squash Club 2,9.33,84,9,3,6,8A,0.3333333333333333
48,Tam Wing Tung,Kinetic 2,9.33,84,9,1,8,8A,0.1111111111111111
49,Chan Chun Man,Striving Squash,8.4,42,5,0,5,8A,0.0
50,Lee Kwan Ho,Physical Chess 3,8.0,48,6,3,3,8A,0.5
51,Lam Alan Wing Lun,TOMCAT,7.64,84,11,2,9,8A,0.18181818181818182
52,Tung Chun Keung Anson,Physical Chess 3,7.33,66,9,3,6,8A,0.3333333333333333
53,Chu Kwok Lun,TOMCAT,6.43,45,7,1,6,8A,0.14285714285714285
54,Lam Hoi Ha,Striving Squash,6.27,69,11,3,8,8A,0.2727272727272727
55,Lam Dennis Wun Cheung,Kinetic 2,6.0,54,9,2,7,8A,0.2222222222222222
56,Chan Ho Yin,Striving Squash,3.0,21,7,1,6,8A,0.14285714285714285
57,Chan Chi Ming,i-Mask Advance Squash Club 2,3.0,18,6,0,6,8A,0.0
58,Au Heung Ben,i-Mask Advance Squash Club 2,1.2,12,10,0,10,8A,0.0
,Lui Ka Ho Vincent,Hong Kong Football Club 8,26.0,78,3,3,0,8A,1.0
,* Leung Adco,Ladies Recreation Club Div 8,22.0,66,3,2,1,8A,0.6666666666666666
,Leung Chi On,Ladies Recreation Club Div 8,19.5,78,4,4,0,8A,1.0
,Leung Ka Shun,Squashathon Zero,19.0,57,3,2,1,8A,0.6666666666666666
,Thornton Rory,Squashathon Zero,16.5,33,2,0,2,8A,0.0
,Li Bing Hei,Physical Chess 3,16.0,48,3,2,1,8A,0.6666666666666666
,Yap Yau Kwan,Sha Tin 3,15.75,63,4,4,0,8A,1.0
,Choe Yeda,Ladies Recreation Club Div 8,15.0,45,3,3,0,8A,1.0
,Young Ki Chun,Squashathon Zero,15.0,15,1,1,0,8A,1.0
,Hong Cheuk Yip Gary,Squashathon Zero,15.0,15,1,1,0,8A,1.0
,Pau Andy Chun Hung,Physical Chess 3,15.0,15,1,1,0,8A,1.0
,Lee Wing Lam,i-Mask Advance Squash Club 2,15.0,15,1,1,0,8A,1.0
,Lo Samuel Ho Lam,Sha Tin 3,15.0,15,1,1,0,8A,1.0
,Leung Kar Ho,Squashathon Zero,14.0,42,3,1,2,8A,0.3333333333333333
,Sze Wai Kat,Sha Tin 3,13.5,54,4,4,0,8A,1.0
,Yau Simpson Shin Hang,Physical Chess 3,13.5,27,2,1,1,8A,0.5
,Lee Davies Man Yuen,Sha Tin 3,12.0,24,2,2,0,8A,1.0
,Lee Wang Fung,Physical Chess 3,12.0,12,1,0,1,8A,0.0
,Lien Brandon,Ladies Recreation Club Div 8,11.0,33,3,2,1,8A,0.6666666666666666
,Low Harold Yiu Keung,Kinetic 2,10.5,42,4,3,1,8A,0.75
,Chew Alexander,Hong Kong Football Club 8,10.5,21,2,1,1,8A,0.5
,Yuen Lok Hang,Physical Chess 3,10.0,30,3,2,1,8A,0.6666666666666666
,Park Wanki Moses,Ladies Recreation Club Div 8,10.0,30,3,1,2,8A,0.3333333333333333
,Lai Chun Sing,Squashathon Zero,9.75,39,4,2,2,8A,0.5
,Howe Cheuk Wing Neil,Squashathon Zero,9.75,39,4,0,4,8A,0.0
,Jones Robert F.,Hong Kong Football Club 8,9.0,9,1,0,1,8A,0.0
,Chan Ying Lun,Squashathon Zero,7.5,15,2,1,1,8A,0.5
,Lam Elliott,Hong Kong Football Club 8,6.75,27,4,2,2,8A,0.5
,Chong Siu Fung,Squashathon Zero,6.0,24,4,1,3,8A,0.25
,Chan Ting Fung,Striving Squash,6.0,6,1,0,1,8A,0.0
,Tang Chi On,TOMCAT,4.5,18,4,1,3,8A,0.25
,Mok Jun Yan,Ladies Recreation Club Div 8,4.5,9,2,0,2,8A,0.0
,Rach Sean,Ladies Recreation Club Div 8,1.5,3,2,0,2,8A,0.0
,Chan Cheuk Nam,Physical Chess 3,0.0,0,1,0,1,8A,0.0
,Yip Pui Yan,Kinetic 2,0.0,0,4,0,4,8A,0.0
,Hui Fu Wing Edwin,Physical Chess 3,0.0,0,0,0,0,8A,0.0
,Cho Albert,Ladies Recreation Club Div 8,0.0,0,0,0,0,8A,0.0
,Pun Zhe Xin Keira,Hong Kong Football Club 8,0.0,0,0,0,0,8A,0.0
